0,273
0,270
10,238
10,288
10,4
10,306
10,116
10,274
10,248
10,2
10,3
11,16
11,6
11,15
11,20
11,14
11,12
11,2
11,3
9,7
9,2
9,3
8,9
8,12
8,16
8,11
8,7
8,17
107,5
107,4
107,3
107,2
107,1
107,0
102,5
102,4
102,3
102,2
102,1
102,0
100,5
100,4
100,3
100,2
100,1
100,0
98,5
98,4
98,3
98,2
98,1
98,0
95,3
95,2
95,1
95,0
93,4
93,3
93,2
93,1
93,0
92,5
92,4
92,3
92,2
92,1
92,0
91,5
91,4
91,3
91,2
91,1
91,0
56,3
56,2
56,1
56,0
55,4
55,3
55,2
55,1
51,4
51,3
51,1
50,4
50,3
50,1
31,3
31,2
31,1
20,3
20,2
20,1
19,3
19,2
19,1
18,3
18,1
14,5
14,4
14,3
14,2
14,1
14,0
13,3
13,1
12,3
12,2
12,1
11,30
11,29
11,28
11,27
11,26
11,25
11,24
11,23
